-1.133809
2.360544
0.692224
0.128202
0.423057
0.036193
1.023351
0.213789
0.604850
-0.201513
1.194456
-0.903366
0.114960
1.601630
0.658024
0.978466
1.119940
-0.353185
-1.498219
0.346666
-2.361715
-1.382178
0.093017
0.714609
0.590293
-1.687493
1.317400
0.571784
-0.695498
-1.835898
1.164605
-1.704189
0.875281
0.492967
3.493336
1.795601
1.297842
0.897685
-0.942071
0.767006
-0.325256
-0.987411
-1.543591
-0.849765
-0.472501
-0.322959
0.840461
0.885672
-0.635078
-0.900458
-0.650760
-1.055291
0.469879
0.575716
0.502985
0.039045
-0.541339
1.973977
1.235921
-1.508129
1.018305
1.027639
-1.350265
-0.222038
0.140494
-0.193454
0.940795
1.531418
0.876947
-0.014119
0.677209
-1.233983
-1.254162
-1.049445
-0.686452
0.246586
0.333979
1.653021
0.109869
0.300391
-1.512266
0.898800
-1.507120
0.257923
-0.090134
-0.645901
-1.891571
0.573755
0.724201
-0.828725
0.558085
-1.093475
-1.968257
-1.200553
-1.513047
0.875507
-0.267167
0.377770
-1.086760
-1.619105
-0.793999
-1.674969
-0.134203
1.452540
0.362669
0.763661
0.399436
0.988602
0.260489
-0.463280
-0.096297
1.116172
-0.711216
0.385535
-2.272829
-0.032758
2.376816
-0.580434
-1.295716
-0.277832
1.097404
2.288873
-0.561834
0.449898
-1.057537
0.283079
-0.570779
-1.049074
1.301650
-0.966248
1.316049
-1.147122
1.843238
-1.039268
-0.286169
-1.065426
-0.395001
0.878936
-1.440095
2.172118
-0.935941
2.819745
-0.091830
-0.056756
-0.223117
0.386051
0.888570
-0.320026
0.174575
0.121736
-0.584992
0.958574
-1.082231
0.113182
0.433076
0.738336
-0.908698
-2.071541
1.009593
0.823878
0.642907
1.541616
-0.691828
0.240537
0.336475
1.729184
-0.211996
-0.165436
-0.254889
-1.268010
-0.326168
0.586383
0.347175
1.607944
1.692499
-1.067734
1.263299
0.641597
-0.353788
0.588683
1.539878
0.340251
0.251217
0.388293
-0.588763
1.779933
-0.332388
1.954637
-0.924223
0.007045
1.761853
0.583882
0.620361
0.954298
1.657705
0.178377
0.872261
1.216934
1.228216
2.252877
0.242904
-1.079211
2.221392
0.326993
0.619681
-1.307429
0.104114
0.154239
-0.019701
-1.581931
-1.065885
-0.226688
-0.174206
-0.212428
1.259485
-0.218942
0.464581
-0.618386
1.965017
-0.243190
1.071295
0.094587
-0.049321
-1.156667
-0.088196
2.079924
-0.250659
0.212678
-1.402928
-0.459743
0.231575
-0.824321
0.449876
0.511003
0.110963
-1.011844
-0.273070
1.165128
-0.107920
0.988716
-0.420664
-1.951195
-0.742975
1.573488
-0.457775
-0.611853
-1.485643
-0.535206
-0.776889
0.473554
-1.909807
-0.010100
-0.629775
0.935928
-1.223089
-0.121135
2.335905
1.327369
0.041894
0.347373
-0.985107
2.274595
-1.171923
2.230586
1.035906
-1.400549
-1.873659
-0.825805
-1.845315
-0.785279
-1.375686
-0.097652
0.298025
-1.741988
0.311456
0.048876
-0.552277
0.777866
-0.711861
-0.965893
0.566151
0.424511
1.171284
0.424676
1.261765
-0.557777
0.026624
1.734652
1.175509
-0.366263
-0.021978
0.505286
0.070679
-1.358688
-0.034675
-0.478076
0.661176
0.842268
0.962710
0.546128
-0.616769
-1.509112
0.501458
-0.207083
-0.872830
-1.588988
-0.227822
0.317812
-1.187984
0.149408
1.105773
0.026644
-0.823769
-1.065180
-0.164284
-0.074710
0.524994
1.480053
-1.171244
0.269648
0.950530
-0.347842
0.750474
-1.024031
-1.117184
-1.006606
0.812260
0.441993
0.271726
0.700895
-0.709471
0.591871
2.592495
0.350504
-0.984953
-0.757441
-0.455042
0.015246
-0.410758
0.564789
0.680755
0.492499
1.992990
-1.014547
-0.292993
-0.373609
-1.943566
0.939970
-1.730579
2.205939
-0.380098
-0.645192
-1.850196
-1.181489
2.525690
-0.090213
-0.668194
0.174582
-0.917958
-0.135878
-1.026135
-0.765587
0.744414
0.920495
0.620980
1.055205
-0.884169
-0.925995
0.085449
0.443686
-0.242157
-0.723407
-0.312777
0.343926
-0.331051
-0.259958
-1.174781
0.586001
-0.773050
-0.294532
1.081894
1.549320
-1.005434
-1.186553
0.617535
-0.260572
0.101938
-0.144454
-0.588851
0.950595
-0.071322
-0.116295
1.445702
-1.169868
1.504494
-0.377520
1.151783
0.894502
-0.449765
-1.096720
-0.921976
0.672240
-0.317959
1.147071
-0.448323
-1.801536
0.484140
-1.365874
0.290063
1.957605
0.113067
0.667358
-0.854660
1.130897
-0.146362
1.275827
-0.648767
-0.318666
2.655892
0.313070
-0.430850
0.668419
0.262171
0.873250
1.413408
0.396500
-0.221312
-0.421981
-1.506670
-0.163892
-0.249845
0.205675
-0.911412
0.092363
-0.185853
-0.152442
-0.069111
-1.113443
-0.485006
-0.129800
0.212873
0.205328
-0.940355
-0.628736
1.134035
0.425871
-1.652288
-1.849683
0.142875
-1.643464
-1.556876
-0.255631
1.045741
-0.653784
-0.807553
-0.699063
0.729046
0.387779
1.397606
0.360032
-0.299898
-1.297744
0.808435
-1.160724
-1.088373
-0.102857
0.521601
-0.152770
0.182880
-0.059354
1.858884
1.239919
-0.694534
-1.817043
0.620978
0.128844
-0.761664
-0.221253
-2.935681
-1.021052
2.086917
-0.998486
-1.978451
1.214408
0.019810
-1.498777
-0.299643
-0.339921
-0.467090
-0.063919
0.156075
-0.936568
0.286295
-0.351145
0.159744
-1.616587
-1.023421
0.643717
-0.931207
-1.426852
0.270250
-0.053359
-0.968250
1.496038
-0.379556
0.666237
-0.373886
0.456674
0.191519
2.225472
0.070484
-0.180055
-0.151131
1.762214
-0.607783
1.015277
0.038597
-0.208666
1.029852
-0.390286
-0.177447
0.471956
0.191058
0.097896
-0.575128
-0.253652
0.183882
-0.540945
1.216918
0.986460
0.005367
-0.388736
-0.361583
0.480710
-0.644169
-0.945401
-1.257149
-0.052778
-0.341657
0.175350
-0.545451
0.231936
1.150986
-1.553856
-0.761741
1.545074
-0.934720
0.527570
-0.781375
1.694455
1.584632
0.694399
-0.533866
1.411686
0.190296
1.317261
-0.321573
0.035382
-0.112293
-1.522266
0.997603
-0.026714
1.390193
0.358745
-0.533192
0.380890
0.780967
1.404885
0.699593
-0.429551
0.637870
1.417307
1.079422
1.059174
-0.031785
-0.417931
0.020364
-1.558004
0.083183
1.421206
-1.667375
0.494922
-0.513106
-1.647257
0.618180
-1.444674
-0.960170
-0.689389
0.738630
1.451510
0.759384
1.161714
0.848314
-0.190412
-0.050725
-1.861003
0.684281
-0.689314
1.538144
0.573873
-1.150547
0.676909
-0.683677
1.700417
-0.347126
1.082097
0.888813
-1.418714
-3.294708
-0.091996
2.307196
0.035071
1.283002
-0.424645
-0.664338
1.213987
0.052659
-0.337071
-0.136264
-0.144881
1.499273
0.378889
0.282249
-1.171859
-0.824029
0.353423
-0.500919
0.573728
1.336729
-0.310410
0.826821
1.188497
0.597644
1.519941
0.972899
1.717326
1.839293
-0.405702
1.388936
0.113564
-1.113165
0.674612
-0.398883
-1.201502
-0.158826
0.274839
0.878803
-0.954694
-0.621713
-0.427220
-0.525198
1.106125
0.151045
-0.680039
0.720061
0.096027
-0.108451
2.027747
0.195220
1.375855
-0.511862
0.983643
1.567591
0.367986
-0.382485
0.143184
-0.038640
0.676447
0.727083
0.703371
1.360668
0.052830
0.250706
-0.499973
0.179126
-0.564755
1.573310
0.124221
-1.217141
-0.658167
0.139464
-1.846861
-0.084371
2.139070
1.835542
2.033715
-0.817081
2.635949
-0.543151
-0.770165
-1.305360
1.407631
0.098434
-0.684829
-0.791214
0.762455
0.478664
-1.933457
-0.271250
-0.273878
-1.398602
-1.938115
-1.812257
0.472157
1.714786
0.061363
0.380127
-1.008965
0.791863
-1.523405
-1.153386
-1.846637
0.801412
1.334458
0.976830
-1.863636
-1.991997
-0.112343
-1.893030
-0.188422
-0.566202
-1.097398
0.610432
-0.599018
-1.354751
0.811157
1.163947
-1.342846
0.145153
0.821163
-1.996990
0.679064
-0.513661
0.362695
0.862976
0.677419
0.146495
0.227621
2.311448
1.392279
0.498621
0.821508
0.470254
0.972681
-0.149799
-0.942822
0.160702
-0.646796
-0.138362
0.196935
-0.930159
1.137111
-0.016024
0.382925
0.583588
0.961699
0.481106
0.618002
-0.738194
-0.974149
-0.361418
1.125025
0.273330
-0.601588
0.061105
0.111966
-0.632534
-0.220198
-0.215466
-0.004576
-0.231144
-1.496187
0.345799
0.851903
0.116359
-0.841220
1.799114
0.630749
0.865685
-0.031400
0.086762
-0.757963
-1.550370
-0.784092
-1.685875
0.311165
-0.713288
0.448703
-2.912632
-0.219347
-0.779792
1.452947
1.136715
1.618999
0.736946
0.261023
0.812714
0.515091
-1.614506
0.771676
1.218863
-0.533151
1.166173
0.231714
0.292561
1.559230
-1.251367
2.061838
1.123049
-1.587195
0.752264
-0.534485
0.480717
-2.570769
-0.425751
0.634109
0.007377
0.557997
0.302177
-0.645367
-1.179968
1.730181
0.054593
0.105289
-0.540571
-0.039192
-1.460846
0.697178
-1.390033
0.522359
0.268478
-1.818541
-1.394580
0.622628
-1.079170
1.626003
1.511461
0.773066
-0.140335
0.481743
0.232743
-1.011018
-1.088754
0.408223
0.879365
0.878719
1.302604
-0.062190
0.265243
0.549605
-1.448835
1.502503
2.123503
-1.022528
1.115645
1.946788
-0.141349
-0.778746
0.119646
-0.240595
-0.220397
1.779307
-0.231315
1.233835
1.633237
-1.325007
-1.819164
-1.399688
-1.206502
0.447522
-1.419526
-0.669695
0.025140
-0.181360
-0.054628
0.363620
2.801066
-0.413802
-0.593755
-1.326697
-1.060831
0.130924
-0.505595
1.865719
1.485235
-1.089299
0.372620
1.182125
-0.203095
0.379502
-0.343087
0.388640
-0.067602
0.120273
0.545146
-1.224818
-0.836657
-0.839694
-1.313789
-0.408893
-0.165740
-0.786776
-1.365882
1.344416
-2.486375
0.208810
1.945620
0.731727
-0.437726
0.213419
0.338206
0.468928
2.547058
-1.584499
0.031471
0.582066
1.387838
0.460812
0.903366
-1.924404
-0.054160
-0.655372
-0.417760
-2.544315
-0.726522
-2.357618
-0.150899
-0.144179
-0.562048
-1.015317
0.046459
0.089869
-1.005554
1.429785
-0.251015
-2.650143
0.584397
0.381601
0.724730
-0.496147
-0.729212
0.604946
-0.459989
1.280406
-0.537440
1.494862
-1.389973
0.686737
0.835572
-2.301548
1.493028
-0.192643
-0.463323
0.650944
0.602403
-0.314220
-1.415016
-0.520978
0.221817
-0.111221
-0.392827
-0.031043
1.067708
0.101538
-0.525040
0.356649
0.350767
0.192145
-0.960843
-0.234257
-0.042029
-1.132095
-0.296847
-0.662587
-0.776971
-1.560223
0.211869
-0.222654
-1.110289
0.523230
-1.422136
0.319821
-0.694190
1.157983
0.739017
-1.302081
-0.050822
-1.106937
0.720644
-0.832108
0.779483
-1.106230
-1.189221
-0.416893
0.776101
-0.277037
-0.205755
0.234531
0.461296
-0.264946
-0.852168
0.410464
-2.042535
0.021157
0.522960
0.439708
0.702810
0.254964
-0.656822
-0.517551
0.040680
-0.183895
-1.563607
-0.681197
-0.043157
-1.436934
0.903783
0.408681
-0.753426
-0.772992
0.283706
1.218662
-0.052862
1.125543
1.107064
0.687108
0.472263
-1.876648
-0.238575
-0.114858
-0.775795
-0.530901
-0.309673
-0.012763
-1.283145
0.382351
0.190041
0.500791
-1.366546
-0.112724
-0.308085
0.060561
0.112414
1.222621
0.632233
0.317411
-0.655554
-1.604001
1.013886
-0.341324
-1.387424
1.452167
0.002619
-0.282054
1.291887
-0.683223
-1.070894
0.576821
-0.007668
1.406041
-0.713764
0.223887
0.299710
-1.798056
-0.827422
1.157654
0.472523
0.402369
1.154518
-0.723062
0.443262
1.056068
-0.393180
-1.007947
0.839466
-0.393292
1.777971
-0.071734
-0.737246
-0.101617
2.854377
-0.782399
0.666043
0.524242
-0.011921
2.273128
0.046434
-2.304809
-1.693038
-1.215456
0.144018
0.872908
1.697027
1.263400
0.248517
0.429167
-0.212827
-1.081831
2.008121
-0.451266
-0.192108
0.514210
-1.173246
1.349995
-0.303265
0.180352
-0.712073
0.581854
-0.478050
0.158923
0.336057
-0.888920
3.004702
0.981014
1.045393
0.390699
0.520588
0.296095
-0.343354
0.295650
-1.515194
0.205445
1.915327
2.479353
-0.628715
0.582669
0.719681
0.622139
-1.571481
1.861188
0.159474
0.400246
-0.669108
0.172861
0.414515
0.717624
-1.074905
0.172567
0.691299
0.583954
-1.199995
0.459729
-2.333924
0.650646
0.393957
0.291183
1.776884
-0.605798
-0.734378
0.283943
-1.161427
0.430820
1.698399
0.853659
-0.344341
1.817615
0.049137
-2.227380
0.384879
-0.140521
0.815480
-0.419538
-2.111176
0.453990
1.672107
1.472154
-0.030319
0.478838
0.038293
0.931149
-0.995526
-0.507286
-1.010097
1.419254
-1.283955
0.042410
0.159051
-1.774679
-0.973528
-0.775847
-1.382782
-0.131769
0.738429
-0.168409
0.195244
-0.955752
-1.709750
-0.131630
0.271485
0.540322
-2.321038
-1.883420
1.148928
1.446253
-1.588312
-1.341777
-0.514111
-0.180029
1.036001
-0.176960
-0.266131
1.100902
0.406142
0.341400
-0.262999
-1.271487
0.664928
1.503156
-0.660731
0.572558
-2.067667
-0.960787
0.012505
-0.492483
0.759529
1.069054
-0.089591
0.112428
-0.105517
-1.867612
-1.254503
-0.082574
-1.611212
0.650242
-1.581509
0.814196
0.543908
1.416635
0.898464
0.051554
0.432382
0.387281
0.353329
-1.385190
-1.358566
-0.184576
-0.191162
1.174683
-0.500748
0.258138
-0.090507
-0.116478
0.064792
-0.820424
0.512812
-0.882168
0.527185
1.246215
0.978224
-0.102562
-1.490046
-0.530586
0.339077
-0.173509
-0.408227
1.245885
-0.748466
0.812720
-0.174341
-0.221999
-0.563337
1.109765
-3.058002
-1.363079
0.171587
-0.183610
-0.933382
1.656585
-0.482297
2.373312
1.256370
-2.253360
2.176417
-0.520046
-0.710069
0.226884
-0.000455
0.966212
-1.299116
-0.556974
-0.181254
-1.109174
0.484627
-0.898749
-0.164341
1.320656
0.323676
-1.214580
1.969542
0.349345
1.416696
0.115472
-2.374712
-1.111350
0.521522
0.174603
-0.950004
0.227392
0.558950
-0.155665
0.963476
0.908559
0.076642
0.405374
0.479034
-0.471224
0.156626
-0.998756
-0.955552
-1.965759
0.164904
0.993593
-1.130799
0.252962
0.262718
-0.528842
1.087700
-1.231256
-0.417377
0.489407
1.100098
0.083741
-0.382369
1.109005
-0.483330
1.023676
-1.036377
-0.649757
0.323249
0.070838
1.295715
-1.094530
-0.507490
1.065911
-0.774569
-0.588913
-1.394096
0.435858
0.767751
-0.892591
-0.085215
1.086174
-0.451600
-0.254488
0.118379
1.106618
-1.139722
-0.230962
-0.186117
1.484632
0.515800
-0.622855
-0.778879
-0.504108
0.071124
-0.784561
-0.126760
-0.202216
-0.165101
-1.057519
0.324145
-0.386895
-0.102814
1.053293
-0.434034
-0.196089
-0.775619
0.558844
-0.452357
1.832593
-0.148569
-0.263401
-0.748888
-0.551410
-0.534057
-1.704844
0.981980
0.922678
-0.881247
0.668069
-0.978515
-0.035041
0.287343
-2.058211
1.160183
-1.606208
0.215609
0.468906
-0.543892
1.012009
0.443096
-0.227635
-0.070444
-0.394023
-0.477329
1.870721
1.147632
-0.361116
-2.645316
0.996466
-0.180315
1.086877
0.499989
1.468427
0.051820
-0.295015
1.175758
0.556499
-0.036042
-0.010441
-0.758547
-1.223954
-0.693266
-0.299890
-0.954117
0.250820
-0.448331
-0.978755
0.529322
0.066013
0.121815
1.018281
-0.645786
0.381231
0.001899
0.564283
-1.633204
0.845671
-0.103021
-0.648101
0.838034
0.461986
-0.447551
0.992531
-1.988207
1.123896
0.890316
0.567411
-1.038309
1.124870
-0.010613
-0.500252
0.498645
1.092692
0.438096
0.542598
-0.802664
-0.441340
1.826721
0.857890
-0.792581
0.446586
-0.442750
-0.631412
0.154788
-1.323137
-0.926520
2.643992
-0.702158
0.470099
0.237881
0.587939
2.165135
-1.360831
0.617814
-1.210393
1.018205
0.171235
0.550991
0.347437
0.529498
-0.290576
-0.129110
-0.776228
0.031804
-0.937201
0.852092
-0.225736
0.828544
0.644582
0.215458
2.241592
-0.729676
0.641738
-0.099925
0.832163
0.334224
-0.648321
-0.335505
0.095415
0.216500
0.870804
-0.486180
-0.610715
-0.535746
-0.630551
-0.427646
0.056286
-0.263387
-0.147410
-2.336682
-1.404302
-0.722876
0.475931
1.050248
0.212171
-1.007287
0.159224
-1.832535
1.156092
-0.223361
0.984896
-0.032129
0.324921
-0.464023
2.184510
-1.362775
-1.610337
1.004294
1.352468
0.649510
-0.258993
0.717182
0.305459
-0.507784
0.615670
1.891125
-1.348468
1.898147
0.338559
-1.902764
0.737122
0.743404
0.539208
1.228535
0.626100
-0.418160
0.126341
-0.744850
-0.647722
-0.865976
0.444897
0.662923
-0.536586
0.247632
0.361211
0.373280
-1.254303
1.186640
1.358327
0.834202
1.004206
0.415635
-0.237520
0.778979
1.592317
0.970560
-0.983253
-0.610727
0.169146
-0.369933
-0.066696
0.255923
-0.290275
-1.006624
-0.386586
-0.290394
0.191865
1.454073
0.816912
-0.373221
-0.138059
1.856930
-1.289181
-0.041262
0.451753
0.356228
-1.062615
-0.220031
-0.347522
-0.853829
1.187493
0.248760
0.180693
-1.491049
-1.095722
-0.004164
-0.811547
1.330414
-1.649163
0.984424
-0.242561
-0.248315
-0.356909
-1.066218
0.658292
0.526168
0.498318
-0.945204
-0.726391
-0.874991
1.455444
-0.461500
-0.884695
1.295203
0.362757
1.285206
-0.498095
1.079552
-0.849687
1.244143
-1.038679
0.631959
0.986233
-0.530982
0.117452
-0.838046
-0.918873
-0.061126
-0.624696
-0.238436
-0.472577
0.115520
0.450997
-0.429279
-1.612317
-1.053035
-0.120646
-1.758006
1.011301
-0.724450
0.149525
-2.791405
0.847537
-0.273030
0.472587
0.540493
0.574361
-0.530836
-0.817746
-0.162766
-0.095650
1.067354
0.522499
1.108372
0.583542
-1.206880
1.500313
-0.562790
-1.409364
0.766093
0.225637
-0.071684
-1.237624
0.063154
-1.688326
-0.786913
-0.391462
0.983563
0.410534
-2.016390
1.750093
0.363829
-0.032260
0.732098
1.097490
0.567698
-0.517045
1.085419
-0.269124
0.418820
-0.902389
0.143147
0.525421
1.211909
0.457718
1.982364
1.054049
-1.021172
-0.190699
-0.425717
-1.098480
0.999734
-0.969067
0.327142
-2.085562
-1.557256
-0.212054
-0.632314
1.433603
-0.414913
1.853009
-0.729170
-0.267225
-0.151128
0.365259
0.256661
1.274704
-0.394765
0.134593
0.394837
-0.248686
0.584999
-0.147020
-0.288123
-0.000461
-1.818652
-0.638597
0.804655
-0.042196
0.290012
-0.158705
-0.545534
0.874495
0.748081
0.181284
-1.016599
0.095043
0.450690
-0.305292
0.251058
-0.648550
0.089588
1.396895
-0.568645
-0.267222
0.087120
-1.231543
0.396170
1.485346
0.058241
-0.424225
-1.799702
0.795956
-0.058327
-0.866653
0.936999
-0.261657
0.511909
0.134030
-0.491090
-0.288050
-0.099880
-1.281385
-0.463646
-0.681037
-0.605541
0.201638
-0.325249
-0.197588
-0.243521
-0.843363
0.138958
1.469845
1.804180
-1.860024
-0.287561
-0.297371
1.344651
-0.038769
0.990379
-0.573486
1.631145
1.190107
-1.092999
-1.862024
1.992426
0.364412
0.446622
-0.482649
-1.242915
-1.076970
2.131564
-1.205177
-1.679210
-0.886345
-0.666343
0.825773
0.670011
0.907135
0.022272
1.280471
-1.093107
1.259052
0.528447
-0.487111
-0.659385
1.416222
-1.239536
0.091257
-1.293788
-0.418266
0.528283
0.922541
1.393037
2.173192
1.595482
-1.294342
-0.711798
-1.068494
0.281861
-0.978117
-1.205648
-1.019034
-1.416520
-0.778276
-2.025532
0.113245
2.102280
0.348589
1.248511
2.058226
-0.334880
-0.131494
1.832258
-0.601225
1.305479
-1.246486
-0.463103
-1.209847
-0.325667
0.211832
-1.619158
-1.107144
-1.208398
0.821207
-0.112973
0.416992
-0.702810
0.075446
-0.021858
1.018137
-0.180426
-1.715310
0.107982
-0.400581
1.241811
-1.032703
0.441322
-1.673160
0.889413
-0.614642
-1.712259
-0.176543
0.042816
1.856587
0.604985
0.443704
0.368033
-1.183318
-0.879018
0.035782
-0.216666
-0.549760
0.423646
1.481058
-0.638011
-1.513494
0.630630
-1.087122
0.346715
0.393354
0.142601
0.126670
-0.199244
0.541476
-0.250180
0.117780
-0.683891
0.002685
0.826434
0.227208
-2.359567
-1.012688
0.440538
-2.171926
1.083104
-2.251928
0.883864
0.649626
-0.268781
-1.247041
-0.453161
-0.423601
2.515120
-0.290461
0.179079
0.109619
-0.307408
-1.278102
1.254211
-0.162058
1.049356
-0.615315
0.933879
-1.161646
0.205944
1.027861
0.416471
-0.013417
-0.182677
0.795705
-0.307292
1.412391
-0.628221
0.528490
0.991885
-0.040251
0.169483
-0.196220
0.362480
-0.174341
-2.052055
-1.449595
0.076197
0.846122
0.708437
-0.543393
-0.965443
-1.055725
0.433638
-0.043234
-0.586081
-2.146889
0.150227
-0.252535
0.546938
1.068209
1.800504
1.122893
1.040665
-0.041497
0.212914
0.479286
-2.636779
2.594138
1.061564
-1.627669
-0.038747
0.501010
0.801704
1.159247
-1.431523
0.355191
-1.368339
-0.025264
0.332299
-1.287877
0.793987
2.807699
-2.354483
-0.631866
0.715143
0.744640
-0.209095
-1.142866
1.218941
-0.843268
0.794734
1.367607
-0.646326
0.533416
-0.857387
1.204329
0.366455
0.248832
0.466708
-1.789869
0.507107
-0.614205
0.119918
2.187819
0.051701
-0.624283
-0.856877
-0.497915
0.868301
-0.447689
-1.070068
0.473579
-0.252991
-0.756980
-0.056958
1.980595
0.217060
0.435198
-1.086289
2.496196
1.362465
0.351245
-0.142727
0.485828
1.568816
-0.111788
1.684212
0.130443
0.000750
-0.443472
-1.303733
-0.715178
-1.431168
1.720221
0.664521
1.554430
-1.466711
-0.939194
1.279697
-1.595785
0.681343
0.271329
1.092927
-0.261179
1.039166
-0.179856
0.672385
-0.543732
1.273568
-0.503248
-0.194587
0.396018
1.089493
-0.077970
0.230637
0.363724
-0.181510
-0.397646
0.600873
2.634063
-1.517578
-0.613404
0.272447
-1.390335
0.442370
-0.840300
-1.070578
0.240388
1.379221
-0.119677
-0.671959
-0.893309
-0.960554
-1.748712
0.210124
0.304227
-0.589466
-1.545592
0.542154
2.565515
-1.375249
1.058451
0.901108
-0.167234
1.286945
0.183171
-1.029075
1.570962
-0.721552
-0.956571
0.240855
1.906598
0.323820
-0.328441
0.085981
2.151216
0.574613
-0.551009
-1.445664
3.229327
-0.872862
-1.294968
-0.311292
0.711274
-0.340373
-0.843482
-1.827774
-1.601352
-0.292979
-1.044376
-1.901849
0.009670
-0.268759
-0.247230
1.014735
0.164279
0.663110
-1.566799
0.483977
0.574261
1.729123
1.269509
0.053136
-1.957761
0.886806
0.623840
-0.020268
1.159989
-0.967504
-0.311138
-2.431136
0.632679
0.561294
-0.651443
-0.874000
-0.056444
-0.278198
1.204994
0.450325
1.471167
-0.020197
0.227131
0.383236
-1.146739
-0.260728
-0.522368
-1.610348
-0.482245
-0.074672
-0.773955
-0.394384
0.235122
0.421017
0.107397
-1.446687
-0.220674
1.057853
0.624961
0.738058
0.464999
-0.987448
-0.430407
0.585358
-0.180571
0.214108
1.026243
0.673813
0.207472
0.584427
-0.399397
-2.590173
1.110573
1.603810
0.485252
0.925634
1.301942
-0.951307
-1.669829
1.458057
1.729698
-0.284784
-0.302430
-0.868058
-0.105522
-1.282120
0.118849
-0.372195
0.119791
-0.591619
-1.794619
-0.299143
-0.726693
-0.136228
-0.974700
-0.066813
1.746710
0.949327
-0.932570
0.446040
1.391556
-0.245160
0.708761
0.258200
0.068379
1.318064
-0.043891
0.020661
-0.909519
0.833913
-1.958353
-1.716780
-0.200737
0.214405
-0.667880
-1.331161
-0.003794
1.086418
-1.240013
-0.312497
1.163866
-1.812994
-0.526966
-0.913701
-0.532911
-0.394946
-0.775431
-1.591823
-0.657216
0.586087
-1.284356
-1.112602
0.349900
1.155081
-1.310363
-0.710383
-0.606176
0.726984
-0.978335
0.876535
-2.173127
-0.443978
-0.363249
-0.220448
-0.270512
-1.087932
1.034967
1.277563
1.317205
-0.037202
-0.867351
2.326426
1.399338
0.642956
1.565149
0.604801
-0.340932
-0.095283
-0.255132
-0.345772
-0.764292
0.058478
-0.189490
0.081170
1.035465
-0.461548
-0.036209
-0.280872
-0.335708
0.095957
-1.340222
2.184976
0.184247
-0.071350
-0.734702
0.185369
-0.790842
0.865284
0.445567
0.503936
0.282750
-0.804434
-0.465559
1.562926
0.397081
0.416457
0.802751
0.511315
0.592901
0.185262
0.136875
2.652835
-0.200146
-1.543597
0.112076
-1.208355
0.254259
-2.229860
0.662983
0.713122
-0.756986
0.266206
0.370709
-1.224431
0.596356
0.838151
0.305557
-1.274534
0.943800
-0.625850
2.199198
-1.397330
0.702611
-1.138672
1.294667
1.418719
-2.276923
0.263819
-1.198040
0.594453
1.119332
-1.150739
-0.510620
0.044881
-2.008405
-1.500607
-0.352494
0.153134
-1.197024
-0.857257
-0.108696
0.084222
0.736145
-0.643991
0.026795
-0.810662
0.740029
-0.170923
-1.116460
0.979975
-0.705484
0.464428
-0.591575
0.048778
-0.142654
-1.453881
0.869525
-0.323534
0.222065
1.859114
-0.481564
0.064961
0.491448
-0.610038
0.046271
1.929512
1.494231
0.691926
-0.761596
0.179215
0.367990
-1.449518
0.571544
-1.414075
-0.019453
-0.520391
-0.480659
-1.707866
-1.002242
-0.143861
0.298199
-0.021184
-1.285300
-0.096695
-1.033116
-1.700345
-0.189064
-0.332437
1.650226
-1.623872
-0.486393
0.905620
-0.439782
1.223918
-0.884860
-0.281783
-0.799096
-0.834423
-0.851042
0.758743
-0.049594
-0.687446
-0.519734
0.673525
-0.228444
0.251514
0.869900
0.366638
0.544449
0.594735
-1.743984
0.097153
0.160072
-2.694665
-0.243963
0.545153
-0.457736
-0.014976
0.460098
0.071700
-0.080619
-0.728766
0.793563
0.762803
-0.262903
-0.241967
0.578676
-1.788753
0.897840
-0.739460
-0.882092
-1.165994
-1.580685
0.547515
-0.448753
0.901999
-0.395463
1.212278
-0.761460
1.329707
-1.014246
-1.063179
-0.776588
-0.628562
1.163497
-0.256906
0.234016
0.703296
1.363790
0.739376
-0.229110
0.103832
-0.632604
0.680184
-0.727261
-0.400166
-0.719171
-1.837121
0.016201
0.457464
-1.095881
0.689042
1.338842
-0.919878
-0.657573
1.954466
0.341882
0.398188
0.432997
-0.859591
-0.139991
-1.397448
0.515197
-0.050700
-0.474734
0.345215
-1.262251
-2.636963
-1.790975
0.238263
-0.797812
-1.676329
0.429406
-1.530432
1.228125
0.614364
0.604029
1.045496
-1.594849
0.333719
1.209406
0.544792
0.822849
-2.234610
-0.311211
0.781493
0.018875
-0.824700
-0.819157
0.161211
1.518984
0.614074
-2.303345
0.425831
-1.085872
1.196463
1.755898
0.123893
-0.760842
0.514893
-0.371184
2.106830
1.675434
-0.246147
0.512971
0.089085
0.024501
-0.094069
0.226146
-0.381811
-0.893751
-0.226746
-0.220605
0.096002
-0.536839
1.093964
-0.841704
1.262593
-0.588392
0.846995
-0.755572
0.005717
-0.661781
-1.203722
-0.578646
-0.631411
-0.555645
0.707610
-0.533299
0.307916
-0.031454
-0.542156
0.508418
-0.177340
0.458761
0.849691
-0.623002
1.436170
1.086459
0.655398
1.188577
-0.200474
-1.140812
-0.726998
-1.096443
-0.142237
0.904093
0.837042
-0.721532
-0.113236
0.637062
-0.341150
-1.142672
-0.537977
0.596415
0.506571
-0.642752
1.460650
1.105871
-0.240590
0.130673
-0.670620
0.766496
-0.638147
0.436259
-0.935723
0.315447
-1.441659
0.335183
-0.111252
-0.482669
0.816826
-1.109863
0.495959
-0.365298
-0.284493
0.133158
0.723244
0.222938
0.140258
-0.113036
-1.507559
0.638157
-0.613000
-0.437537
-0.967875
-0.067455
1.910067
0.672345
-0.145235
0.909736
-1.096723
-1.125009
-1.066721
0.775131
-0.216157
-0.179538
1.477729
-0.760472
-0.975354
-1.676627
-0.771306
-0.768493
-1.352904
-0.265823
0.361115
-1.115251
-0.663492
-0.591890
-0.543637
-1.037527
0.084158
0.009267
0.638599
0.268764
0.428797
0.857837
2.120181
2.372512
0.313343
-1.073309
-1.335616
-0.978381
-0.030495
-1.765615
-0.080290
0.623271
0.054196
1.183079
0.649417
1.462795
-2.547553
-0.846271
0.835154
-0.056652
2.959659
0.584596
-0.205001
1.519204
0.618414
-0.859028
0.145885
0.839267
-0.797181
-0.305372
-2.468287
0.658105
-0.874170
-1.863262
1.404390
-1.098072
-0.205532
-0.006302
0.859328
0.197528
0.691061
2.585823
-0.736930
0.536742
1.105310
0.923306
-1.041877
1.817103
2.364699
-2.223435
-0.834972
-0.536833
0.828326
-0.289825
-1.005680
-1.406598
0.852484
0.601680
-1.562846
-0.147875
-1.884013
-0.959579
-0.752497
-1.001877
2.785790
1.192025
0.366812
1.134445
-1.890003
0.364199
-0.140602
-1.600944
-0.016589
0.784140
-0.666419
0.949981
-1.571387
0.991637
-1.160575
0.144509
1.162815
0.711348
0.945670
-0.484214
-2.456063
1.560549
-0.433137
-0.155621
-0.308960
-1.297551
0.409915
0.659783
-1.234471
0.606124
0.606542
-1.647233
-0.579873
0.444053
-1.892099
-0.603824
1.217141
1.541026
-1.657794
-1.052031
-0.031537
1.458009
-0.223168
0.825213
-0.717542
1.672416
1.196511
-1.053097
0.071321
0.797744
-0.388030
-1.838857
-0.722546
-0.612534
-1.195993
-0.843169
-1.606508
0.061585
-0.702121
-1.259037
-0.566181
-0.778475
0.156283
-0.435925
0.673979
0.553926
-0.014579
-0.398776
-1.657134
0.275395
-0.078783
1.437444
2.626846
-0.098875
0.012607
0.951435
0.591938
0.000729
-0.626946
-1.143909
-0.542656
0.666252
0.012130
-0.500769
1.285911
-0.114761
-1.162188
-1.996542
-0.522138
-0.028239
-0.498812
-0.862512
0.048645
-0.383321
1.555196
1.921584
-0.654286
-1.514555
-1.825168
0.165092
-1.105208
-2.047372
0.091613
1.180407
0.929941
-0.751218
0.021296
-0.682002
-1.090855
-0.139224
1.394568
0.915137
-0.533779
-0.478773
-0.110982
-0.389682
-0.767341
0.607267
-2.499230
-0.433968
-1.587029
-1.532451
-0.293709
-0.916977
-0.625738
0.336926
-0.467430
-0.107628
-0.488170
-0.731666
0.148988
0.986134
0.440205
-0.320620
-0.933462
0.340223
-0.758551
-1.260576
-1.243173
0.263515
0.485386
0.207422
0.134788
-1.033242
-1.334901
-0.652390
-0.032255
-0.295987
-1.018391
1.201355
0.452118
0.142791
0.521560
-0.090575
0.814910
1.083695
0.530572
0.951982
0.705078
-1.160459
0.721890
-0.982395
0.637712
-0.190380
2.246411
-0.024667
-0.428369
0.735963
0.004755
-0.882180
0.311426
0.844402
-0.136589
0.819765
-0.297829
1.978950
0.233602
-1.176028
-0.941115
-0.749968
0.174645
0.228532
0.906592
-1.750226
-1.722401
0.253369
-0.955166
-1.170440
0.345722
2.046639
1.599837
0.379434
0.729766
0.491959
-2.281373
0.222028
0.020493
0.764632
0.581653
0.415095
-0.821537
-0.177515
1.624757
-0.427401
-0.550965
-1.410768
0.532988
0.924020
-2.711257
-0.041615
0.143926
-0.489784
0.278817
-1.374171
0.906808
-0.614368
2.050547
1.170131
-0.512278
-2.534446
-0.994842
1.267956
-0.360855
0.022621
-3.280033
1.032925
2.298038
2.034492
0.172137
-1.123352
-0.767425
-1.060413
-1.767965
-0.487373
-1.305915
-2.680775
-0.703870
0.630629
0.993865
1.301304
-1.639197
0.177491
-0.572823
1.669158
0.738525
0.509634
0.991685
0.276080
0.933829
-1.303911
-1.732127
-1.137265
0.885163
1.219688
1.957686
0.044365
0.265070
0.072339
-1.529246
-1.467195
0.339361
0.442198
-0.585866
-0.330958
0.297221
1.089117
1.311207
-1.097805
1.631499
0.305773
-1.213539
-1.789720
1.194017
-2.298508
-0.997324
0.058560
-1.184791
-0.886169
-0.203412
0.172985
-0.524510
-0.485141
0.597596
-1.544776
1.128565
-0.479528
1.197704
-2.073659
-2.192696
0.603545
-0.608940
-0.330565
-1.219855
-0.014779
0.752662
-0.925784
1.549292
-0.863084
-1.988682
1.201542
1.388508
-1.872067
0.057475
0.234531
-0.779062
1.364881
0.400039
0.170878
0.560457
1.674098
-0.568469
0.325439
0.031582
1.491981
2.052855
-0.888219
0.250543
-0.257544
0.608802
-0.938015
0.932610
-1.668852
1.909898
-0.089659
-0.584035
0.839080
0.840971
0.870360
-0.302357
-0.187255
0.028414
-0.038096
-0.245701
0.012880
-0.518653
-0.013710
-0.155896
-0.644370
-0.558644
1.320082
-1.290062
-1.490268
-0.160192
-0.648874
1.035181
-0.660655
0.274311
0.742697
0.236387
0.012382
0.476786
-0.800076
-0.514725
0.701694
